0.210000
0.200000
0.200000
0.200000
0.200000
0.200000
0.200000
0.200000
0.170000
0.180000
0.200000
0.200000
0.200000
0.200000
0.200000
0.170000
0.170000
0.170000
0.180000
0.200000
0.200000
0.200000
0.170000
0.180000
0.170000
0.170000
0.170000
0.150000
0.200000
0.170000
0.180000
0.180000
0.000000
0.000000
0.000000
0.000000
0.000000
0.000000
0.000000
0.000000
0.000000
0.000000
0.000000
0.000000
0.000000
0.000000
0.180000
0.180000
0.000000
0.000000
0.000000
0.080000
0.000000
0.000000
0.000000
0.180000
0.030000
0.030000
0.000000
0.000000
0.000000
0.000000
0.000000
0.010000
